1
2
3
4
5
6
7
8
9
10
11
12
13
14
15
16
17
18
19
20
21
22
23
24
25
26
27
30
32
33
34
35
36
37
38
39
40
41
42
43
44
45
46
47
48
49
50
51
52
53
54
55
56
57
58
59
61
62
63
64
65
66
67
68
69
70
71
72
73
74
75
76
78
80
81
82
83
84
85
86
87
88
89
90
92
93
94
95
96
97
98
99
102
103
104
106
107
108
109
110
111
112
113
114
115
116
117
119
120
121
122
123
124
125
126
127
128
129
130
132
133
134
135
136
138
140
143
144
145
146
147
148
149
150
151
153
154
155
156
157
159
160
161
162
163
165
166
168
170
173
174
175
176
177
178
179
180
181
182
183
184
185
186
187
188
189
191
192
194
195
196
197
198
199
200
201
202
203
204
205
206
207
208
210
211
212
213
214
215
216
217
219
220
221
222
223
224
226
227
228
229
230
231
232
233
234
235
236
238
239
240
241
242
243
244
245
246
247
248
249
250
251
253
254
255
256
257
258
259
260
261
262
263
264
265
266
267
268
269
270
271
272
273
274
275
276
277
278
279
280
281
282
283
284
285
286
287
288
289
290
291
292
293
294
295
296
297
298
299
300
301
302
303
304
305
306
307
308
309
310
311
312
313
314
315
316
320
321
322
323
324
326
329
331
333
334
336
337
338
339
340
342
343
344
345
346
347
348
350
351
352
354
355
356
358
360
361
362
363
364
365
366
367
368
369
370
371
372
373
375
376
377
378
379
380
381
382
383
384
385
386
387
388
389
390
392
393
394
395
396
397
398
399
400
401
402
403
404
405
406
407
408
409
410
411
412
413
414
415
416
417
418
419
420
421
422
424
425
426
427
428
429
430
431
432
433
435
436
437
438
439
440
442
443
444
445
446
447
448
449
450
451
452
453
454
455
456
457
458
459
460
463
464
466
467
469
470
473
474
475
477
478
479
480
481
482
484
485
486
487
489
490
491
492
493
494
495
496
497
498
502
503
504
505
508
510
511
513
515
517
518
519
520
521
523
525
526
527
528
529
530
531
532
533
534
535
536
537
538
539
540
541
542
543
545
546
547
548
550
551
552
553
555
556
558
559
560
561
562
563
564
566
567
569
570
571
573
575
576
577
578
579
580
581
582
583
584
585
587
588
589
591
592
593
594
595
596
597
598
599
600
602
603
604
605
607
608
609
610
611
612
613
614
617
618
620
622
623
624
625
626
627
629
630
632
633
634
635
636
637
640
642
643
646
647
648
649
650
651
653
654
656
657
658
659
660
662
668
670
673
674
676
677
678
679
680
682
683
684
685
686
689
690
691
692
694
695
696
697
698
699
700
701
702
703
704
705
706
707
709
710
711
714
715
716
717
718
719
720
721
722
723
725
726
729
730
731
732
733
734
735
736
737
738
739
740
741
742
743
744
745
746
747
748
749
750
752
753
754
755
756
758
759
760
762
763
765
766
767
768
769
770
771
772
773
774
775
776
777
778
779
780
781
782
783
784
785
787
788
789
790
792
793
794
795
796
797
798
799
800
801
802
803
804
805
806
807
808
809
810
811
812
813
814
815
817
818
819
820
821
822
823
826
827
828
829
830
831
832
833
834
836
837
838
839
840
841
842
843
844
846
849
851
852
853
854
855
856
857
858
859
860
861
862
864
865
867
868
870
871
873
874
875
878
879
880
885
887
888
890
891
893
894
895
896
898
899
900
901
902
903
904
905
906
907
908
909
910
913
915
917
920
922
923
924
925
927
928
931
932
934
935
936
939
940
941
944
945
946
947
951
953
954
955
956
960
962
963
964
965
966
967
969
970
971
972
975
979
980
981
982
983
984
985
986
987
989
990
991
992
993
994
995
996
997
998
999
1000
1001
1002
1003
1004
1005
1006
1007
1008
1009
1010
1011
1013
1014
1015
1016
1017
1018
1019
1020
1022
1024
1025
1026
1027
1028
1029
1031
1033
1034
1035
1036
1037
1038
1039
1040
1042
1044
1046
1047
1048
1049
1050
1051
1053
1054
1055
1056
1057
1058
1059
1060
1061
1065
1066
1067
1068
1069
1070
1071
1072
1073
1075
1076
1078
1079
1080
1081
1082
1083
1085
1086
1089
1090
1091
1093
1094
1096
1097
1100
1102
1103
1104
1105
1107
1110
1111
1112
1113
1115
1116
1117
1118
1119
1120
1121
1122
1123
1124
1126
1128
1129
1130
1132
1135
1136
1139
1140
1141
1143
1144
1145
1146
1147
1148
1149
1152
1153
1154
1155
1156
1157
1158
1159
1160
1161
1162
1165
1166
1167
1168
1170
1171
1172
1173
1174
1175
1176
1177
1178
1179
1180
1181
1182
1183
1185
1186
1188
1189
1190
1191
1192
1193
1194
1196
1198
1202
1203
1204
1205
1207
1208
1209
1212
1213
1214
1215
1216
1218
1219
1220
1222
1226
1227
1228
1229
1230
1231
1232
1233
1235
1236
1238
1239
1240
1241
1242
1243
1244
1245
1246
1247
1248
1249
1250
1251
1252
1253
1255
1256
1257
1258
1259
1261
1263
1264
1265
1266
1267
1269
1270
1272
1274
1275
1276
1277
1279
1280
1281
1282
1283
1284
1285
1286
1287
1288
1289
1290
1291
1293
1294
1295
1296
1298
1299
1300
1302
1303
1304
1305
1306
1308
1309
1310
1311
1312
1313
1314
1315
1316
1317
1319
1320
1322
1323
1324
1325
1326
1327
1328
1330
1332
1333
1334
1336
1338
1340
1342
1343
1344
1346
1347
1349
1350
1351
1352
1355
1356
1357
1358
1359
1360
1363
1364
1365
1366
1367
1368
1370
1371
1372
1373
1374
1375
1376
1378
1379
1380
1382
1387
1389
1390
1392
1393
1395
1397
1399
1400
1401
1402
1403
1405
1406
1407
1408
1410
1411
1412
1413
1415
1416
1417
1418
1419
1420
1421
1422
1423
1425
1426
1427
1429
1430
1431
1432
1433
1434
1435
1436
1437
1438
1439
1441
1442
1443
1444
1447
1448
1453
1454
1455
1460
1461
1462
1464
1467
1470
1471
1472
1473
1474
1477
1478
1479
1480
1484
1486
1488
1489
1490
1491
1492
1495
1497
1498
1500
1501
1503
1504
1505
1506
1507
1509
1510
1511
1512
1513
1514
1515
1516
1517
1518
1519
1521
1522
1523
1524
1525
1526
1527
1528
1529
1531
1534
1535
1536
1537
1538
1539
1542
1543
1547
1548
1549
1550
1552
1555
1556
1558
1559
1560
1561
1562
1563
1564
1565
1566
1567
1568
1570
1571
1572
1575
1577
1578
1579
1580
1581
1582
1584
1585
1587
1588
1589
1594
1595
1597
1598
1599
1602
1603
1605
1607
1608
1611
1612
1613
1614
1615
1617
1618
1619
1620
1621
1624
1625
1629
1630
1632
1633
1634
1636
1637
1638
1639
1641
1642
1643
1645
1646
1647
1648
1649
1650
1651
1653
1655
1657
1658
1659
1662
1663
1668
1669
1670
1671
1673
1677
1678
1679
1681
1682
1683
1684
1685
1686
1687
1688
1689
1690
1692
1693
1694
1695
1696
1697
1700
1701
1702
1704
1706
1708
1709
1710
1711
1713
1714
1715
1717
1718
1719
1721
1722
1724
1725
1726
1727
1728
1729
1730
1731
1732
1733
1734
1735
1736
1737
1738
1740
1741
1743
1744
1745
1746
1747
1748
1750
1751
1752
1753
1754
1755
1756
1757
1759
1760
1761
1766
1767
1768
1769
1770
1772
1776
1777
1780
1782
1783
1785
1788
1790
1791
1792
1793
1794
1795
1796
1799
1801
1802
1803
1804
1805
1807
1809
1810
1811
1812
1813
1815
1816
1821
1822
1823
1827
1830
1831
1833
1836
1838
1839
1840
1841
1842
1843
1847
1848
1850
1852
1853
1857
1859
1860
1862
1863
1864
1865
1867
1869
1870
1872
1873
1875
1876
1877
1879
1880
1881
1882
1885
1886
1888
1889
1891
1893
1894
1895
1896
1897
1898
1899
1901
1902
1903
1907
1909
1911
1912
1915
1916
1917
1918
1919
1921
1923
1924
1925
1926
1928
1929
1931
1932
1933
1935
1937
1939
1940
1942
1943
1944
1947
1948
1952
1954
1955
1956
1957
1958
1960
1961
1962
1963
1964
1965
1967
1970
1971
1972
1973
1974
1975
1977
1979
1980
1982
1983
1984
1985
1986
1987
1990
1993
1994
1995
1998
2000
2001
2002
2003
2005
2006
2007
2008
2009
2010
2011
2012
2013
2014
2015
2016
2017
2018
2019
2020
2021
2022
2023
2024
2025
2026
2028
2029
2030
2031
2032
2034
2035
2037
2038
2039
2041
2042
2044
2045
2046
2047
2048
2049
2050
2056
2059
2060
2061
2062
2064
2066
2067
2069
2070
2071
2072
2073
2074
2075
2077
2078
2080
2081
2083
2084
2088
2089
2090
2091
2092
2093
2094
2096
2097
2098
2099
2100
2101
2105
2106
2107
2108
2109
2110
2112
2113
2115
2116
2117
2118
2119
2120
2121
2122
2124
2125
2126
2127
2128
2130
2131
2133
2134
2135
2136
2137
2139
2140
2141
2142
2144
2146
2147
2148
2149
2151
2153
2154
2155
2156
2158
2159
2160
2162
2163
2164
2165
2166
2167
2168
2170
2171
2172
2173
2176
2177
2178
2179
2180
2181
2182
2183
2184
2185
2186
2188
2189
2191
2193
2195
2196
2197
2198
2199
2200
2202
2203
2204
2205
2206
2207
2208
2210
2212
2213
2214
2215
2216
2217
2218
2220
2221
2222
2224
2226
2227
2228
2229
2230
2235
2236
2237
2238
2239
2240
2241
2244
2246
2247
2249
2252
2253
2254
2257
2258
2259
2260
2262
2263
2264
2267
2268
2269
2270
2271
2276
2277
2280
2282
2283
2284
2285
2289
2291
2293
2298
2299
2300
2301
2302
2303
2306
2307
2308
2312
2313
2316
2318
2319
2320
2321
2325
2326
2328
2329
2330
2331
2332
2334
2335
2336
2338
2340
2341
2344
2345
2349
2352
2353
2354
2357
2358
2359
2360
2363
2364
2365
2366
2367
2368
2370
2371
2372
2374
2376
2377
2378
2379
2380
2381
2383
2385
2387
2388
2389
2391
2393
2394
2395
2396
2397
2399
2400
2401
2402
2403
2404
2405
2408
2409
2410
2411
2412
2413
2414
2415
2417
2418
2419
2420
2421
2424
2425
2426
2427
2428
2429
2430
2431
2432
2433
2436
2437
2439
2440
2441
2442
2446
2448
2450
2451
2452
2453
2454
2455
2456
2459
2460
2461
2462
2464
2465
2466
2467
2468
2470
2472
2473
2474
2475
2478
2479
2480
2483
2484
2486
2487
2489
2490
2491
2492
2493
2495
2496
2497
2498
2500
2501
2503
2504
2505
2506
2507
2508
2509
2510
2512
2513
2514
2515
2516
2517
2518
2519
2520
2521
2522
2523
2524
2525
2526
2527
2529
2530
2531
2532
2534
2535
2536
2537
2538
2539
2542
2543
2544
2545
2546
2547
2548
2549
2550
2551
2552
2553
2557
2558
2559
2560
2563
2564
2565
2566
2568
2572
2573
2574
2576
2578
2579
2582
2584
2588
2589
2590
2591
2592
2596
2597
2598
2599
2601
2602
2603
2604
2605
2606
2607
2609
2610
2616
2618
2619
2620
2622
2623
2627
2630
2631
2632
2633
2634
2635
2637
2638
2639
2640
2642
2643
2644
2645
2649
2650
2653
2654
2657
2660
2661
2662
2663
2665
2666
2668
2669
2670
2671
2672
2673
2674
2675
2676
2678
2679
2682
2684
2685
2686
2688
2691
2692
2693
2694
2697
2698
2699
2700
2701
2702
2703
2704
2706
2707
2708
2709
2710
2712
2713
2714
2715
2716
2717
2718
2719
2720
2721
2722
2723
2724
2725
2726
2728
2729
2730
2731
2732
2733
2734
2736
2737
2738
2739
2741
2742
2743
2744
2745
2746
2747
2748
2750
2751
2752
2753
2754
2755
2756
2757
2758
2759
2760
2762
2764
2766
2768
2769
2770
2771
2772
2773
2774
2775
2776
2777
2778
2779
2780
2781
2782
2783
2785
2786
2789
2790
2791
2792
2793
2794
2795
2796
2797
2798
2799
2800
2801
2802
2803
2804
2805
2806
2808
2809
2810
2811
2812
2814
2815
2816
2818
2819
2820
2822
2823
2825
2826
2827
2828
2829
2830
2831
2832
2833
2834
2835
2836
2837
2839
2840
2842
2844
2845
2847
2848
2849
2850
2851
2852
2854
2855
2857
2860
2863
2864
2866
2867
2870
2871
2873
2875
2876
2877
2881
2884
2886
2888
2889
2890
2891
2892
2893
2894
2895
2896
2897
2901
2903
2904
2905
2906
2907
2908
2910
2915
2916
2918
2919
2920
2921
2922
2923
2925
2928
2929
2931
2932
2934
2935
2936
2938
2939
2940
2941
2942
2943
2944
2946
2947
2949
2950
2951
2955
2957
2960
2961
2965
2966
2967
2968
2969
2970
2971
2974
2975
2976
2977
2979
2980
2981
2982
2984
2985
2988
2989
2991
2993
2994
2997
3001
3002
3005
3006
3008
3011
3012
3013
3015
3017
3018
3019
3021
3023
3025
3026
3027
3030
3031
3033
3035
3036
3037
3038
3039
3040
3042
3043
3044
3045
3046
3047
3048
3049
3050
3052
3054
3055
3056
3057
3060
3062
3063
3064
3067
3069
3070
3071
3073
3074
3075
3076
3077
3078
3079
3080
3081
3083
3085
3086
3087
3088
3090
3094
3095
3097
3098
3102
3103
3104
3105
3108
3110
3111
3112
3115
3118
3119
3121
3122
3123
3124
3125
3127
3128
3130
3131
3133
3134
3136
3139
3140
3142
3143
3144
3145
3146
3147
3148
3149
3150
3153
3155
3156
3157
3158
3161
3166
3167
3168
3169
3170
3171
3172
3173
3174
3175
3177
3178
3180
3181
3183
3184
3185
3186
3187
3188
3189
3191
3193
3194
3195
3196
3198
3199
3200
3201
3202
3203
3204
3205
3206
3207
3208
3209
3210
3213
3215
3216
3217
3218
3220
3223
3224
3225
3231
3232
3233
3234
3235
3239
3240
3242
3243
3244
3245
3246
3247
3248
3253
3254
3255
3257
3258
3259
3261
3265
3267
3269
3271
3273
3276
3279
3281
3282
3283
3284
3286
3287
3288
3289
3290
3292
3294
3295
3297
3298
3299
3300
3301
3302
3303
3304
3305
3306
3307
3308
3309
3310
3312
3314
3315
3316
3317
3318
3324
3326
3327
3334
3336
3338
3340
3344
3345
3346
3348
3350
3351
3353
3354
3355
3359
3360
3364
3365
3366
3367
3368
3369
3370
3371
3372
3373
3374
3375
3376
3377
3378
3379
3383
3384
3385
3386
3389
3391
3394
3397
3398
3401
3402
3409
3410
3412
3413
3414
3415
3416
3417
3418
3419
3420
3421
3422
3423
3425
3426
3427
3428
3429
3430
3434
3435
3436
3437
3439
3440
3444
3445
3446
3447
3449
3450
3451
3453
3454
3455
3456
3457
3458
3459
3460
3461
3464
3465
3466
3467
3468
3470
3472
3473
3475
3476
3478
3479
3482
3484
3485
3487
3489
3492
3493
3496
3497
3498
3499
3500
3502
3503
3504
3505
3506
3508
3511
3512
3514
3515
3516
3517
3520
3523
3525
3526
3527
3528
3530
3531
3532
3533
3534
3535
3538
3539
3540
3541
3542
3544
3545
3546
3547
3550
3551
3552
3553
3555
3556
3557
3558
3564
3567
3568
3571
3573
3579
3581
3582
3583
3584
3585
3586
3590
3593
3594
3596
3597
3598
3599
3600
3601
3602
3604
3607
3613
3615
3616
3617
3618
3621
3624
3625
3627
3631
3637
3639
3640
3642
3646
3647
3650
3651
3652
3654
3656
3657
3658
3659
3660
3663
3664
3666
3668
3669
3670
3673
3675
3678
3679
3683
3684
3685
3690
3691
3696
3698
3699
3700
3710
3711
3714
3718
3719
3720
3725
3727
3728
3729
3730
3731
3732
3733
3735
3736
3737
3739
3740
3742
3743
3746
3750
3753
3755
3757
3758
3762
3763
3764
3766
3767
3768
3769
3770
3771
3776
3780
3783
3784
3785
3786
3787
3788
3790
3791
3793
3794
3795
3796
3797
3798
3799
3800
3801
3806
3807
3808
3810
3811
3812
3813
3814
3815
3816
3818
3819
3820
3821
3822
3824
3825
3826
3830
3831
3832
3834
3836
3839
3840
3845
3846
3847
3848
3849
3850
3851
3852
3854
3856
3862
3863
3864
3865
3866
3867
3868
3870
3871
3875
3877
3880
3881
3882
3884
3885
3887
3889
3893
3895
3896
3898
3903
3904
3905
3907
3908
3911
3915
3916
3922
3927
3928
3929
3930
3931
3932
3935
3936
3937
3942
3943
3944
3945
3946
3947
3948
3950
3951
3952
3953
3954
3956
3957
3959
3961
3963
3964
3966
3967
3968
3969
3970
3973
3978
3981
3985
3988
3993
3995
3997
3998
3999
4000
4001
4002
4003
4007
4008
4009
4012
4015
4016
4017
4020
4021
4023
4024
4027
4028
4029
4030
4031
4032
4033
4034
4035
4039
4040
4043
4045
4046
4048
4049
4050
4051
4052
4055
4056
4057
4060
4062
4064
4065
4066
4067
4068
4069
4070
4071
4076
4082
4083
4085
4086
4088
4091
4092
4093
4096
4098
4100
4101
4102
4103
4105
4106
4109
4110
4111
4114
4117
4119
4123
4124
4125
4126
4128
4133
4134
4135
4142
4145
4147
4148
4149
4152
4153
4155
4157
4161
4164
4167
4168
4169
4170
4174
4175
4177
4178
4179
4180
4183
4186
4187
4188
4190
4192
4194
4196
4197
4198
4199
4200
4201
4202
4203
4207
4209
4210
4211
4212
4213
4215
4217
4218
4219
4221
4223
4224
4226
4227
4228
4229
4230
4231
4233
4234
4236
4237
4238
4241
4242
4243
4244
4245
4247
4248
4251
4253
4254
4256
4257
4258
4259
4260
4262
4263
4264
4265
4266
4270
4275
4278
4279
4280
4285
4288
4289
4291
4292
4295
4296
4297
4298
4299
4300
4302
4303
4304
4305
4306
4307
4309
4310
4312
4313
4314
4315
4318
4321
4322
4324
4325
4326
4327
4328
4329
4330
4331
4332
4333
4334
4335
4336
4337
4339
4342
4343
4345
4347
4348
4352
4353
4354
4358
4359
4362
4365
4366
4367
4368
4370
4372
4376
4377
4378
4379
4380
4382
4383
4385
4386
4387
4389
4390
4391
4393
4395
4398
4399
4401
4402
4403
4404
4405
4407
4409
4411
4413
4414
4416
4419
4423
4428
4431
4448
4450
4454
4458
4459
4461
4462
4464
4465
4471
4473
4475
4476
4477
4478
4479
4482
4484
4485
4487
4493
4506
4508
4509
4510
4511
4512
4513
4514
4515
4518
4519
4520
4521
4522
4523
4524
4525
4527
4530
4532
4536
4537
4538
4541
4544
4545
4548
4551
4552
4558
4561
4565
4566
4568
4569
4572
4573
4575
4577
4578
4581
4584
4586
4587
4589
4590
4591
4592
4593
4594
4596
4597
4598
4599
4600
4604
4608
4609
4610
4611
4612
4613
4616
4617
4618
4619
4625
4626
4627
4628
4629
4630
4632
4634
4637
4639
4641
4642
4643
4645
4646
4647
4649
4650
4651
4652
4654
4657
4662
4664
4665
4666
4667
4668
4670
4671
4672
4673
4674
4676
4678
4680
4682
4691
4692
4694
4695
4696
4697
4699
4701
4703
4704
4705
4706
4708
4709
4711
4715
4722
4724
4726
4728
4729
4731
4732
4734
4735
4737
4739
4740
4745
4749
4750
4751
4754
4756
4758
4759
4760
4762
4763
4764
4765
4766
4767
4768
4769
4770
4771
4772
4774
4775
4777
4779
4780
4781
4785
4786
4788
4795
4797
4798
4800
4801
4802
4803
4811
4812
4813
4815
4816
4817
4819
4820
4822
4823
4825
4826
4827
4828
4829
4830
4833
4839
4840
4843
4845
4846
4847
4851
4853
4854
4855
4856
4857
4860
4861
4862
4863
4867
4868
4869
4870
4871
4872
4875
4877
4878
4880
4881
4882
4884
4885
4888
4889
4890
4892
4895
4897
4898
4899
4901
4902
4905
4906
4907
4909
4910
4912
4914
4915
4919
4920
4922
4929
4930
4931
4932
4936
4937
4942
4943
4944
4946
4947
4948
4949
4950
4958
4959
4960
4964
4966
4968
4970
4971
4972
4973
4974
4975
4977
4978
4982
4983
4986
4987
4988
4989
4995
4996
4998
5000
5003
5006
5007
5009
5012
5013
5014
5015
5017
5019
5020
5021
5028
5029
5030
5031
5033
5044
5048
5049
5050
5051
5052
5057
5063
5064
5068
5069
5071
5078
5086
5091
5093
5095
5096
5098
5099
5107
5110
5112
5115
5121
5124
5126
5128
5130
5131
5137
5138
5139
5140
5141
5144
5145
5147
5149
5152
5153
5154
5156
5157
5158
5161
5163
5164
5166
5167
5168
5170
5176
5178
5180
5181
5182
5185
5186
5188
5189
5190
5191
5192
5193
5194
5196
5197
5198
5199
5200
5201
5202
5203
5206
5207
5209
5210
5211
5213
5215
5216
5217
5219
5220
5224
5225
5230
5231
5232
5233
5234
5235
5237
5238
5240
5243
5246
5248
5250
5251
5252
5253
5254
5256
5259
5262
5267
5270
5271
5278
5280
5282
5283
5284
5288
5290
5298
5303
5306
5307
5308
5309
5312
5313
5317
5319
5320
5321
5322
5324
5325
5327
5328
5329
5330
5331
5332
5333
5334
5335
5341
5342
5343
5344
5345
5346
5347
5349
5352
5355
5359
5361
5362
5366
5368
5369
5370
5371
5373
5374
5378
5380
5381
5385
5388
5390
5391
5393
5396
5398
5399
5401
5402
5403
5404
5405
5406
5407
5408
5410
5411
5412
5414
5415
5416
5419
5420
5421
5422
5426
5428
5430
5432
5433
5434
5435
5436
5437
5440
5441
5442
5443
5449
5450
5451
5452
5453
5454
5456
5458
5459
5460
5461
5462
5464
5465
5466
5467
5468
5469
5470
5477
5478
5479
5480
5481
5483
5484
5485
5486
5487
5488
5489
5490
5491
5494
5495
5497
5498
5499
5500
5505
5507
5510
5512
5513
5514
5515
5516
5523
5524
5525
5526
5531
5532
5534
5535
5539
5540
5541
5542
5543
5545
5546
5548
5551
5554
5556
5557
5559
5561
5562
5564
5565
5566
5567
5568
5571
5573
5575
5576
5578
5579
5580
5581
5582
5584
5585
5586
5587
5593
5594
5599
5600
5603
5604
5606
5607
5608
5609
5610
5611
5612
5616
5618
5619
5620
5621
5622
5623
5624
5627
5628
5629
5634
5635
5636
5638
5639
5640
5641
5642
5643
5645
5646
5648
5649
5652
5653
5654
5656
5660
5661
5664
5668
5669
5671
5673
5675
5679
5680
5681
5684
5687
5688
5690
5696
5697
5698
5701
5702
5705
5706
5709
5714
5723
5730
5732
5733
5734
5738
5741
5742
5743
5747
5748
5751
5752
5753
5754
5756
5757
5758
5759
5760
5761
5762
5763
5764
5765
5767
5768
5769
5770
5771
5774
5775
5777
5778
5779
5783
5786
5787
5790
5791
5794
5800
5801
5806
5808
5813
5814
5816
5817
5818
5819
5820
5822
5823
5824
5826
5827
5829
5833
5834
5835
5836
5838
5840
5841
5842
5843
5844
5845
5848
5851
5852
5853
5855
5856
5857
5858
5859
5861
5865
5866
5868
5874
5875
5876
5877
5878
5879
5880
5881
5883
5885
5886
5887
5888
5889
5892
5895
5897
5898
5903
5905
5906
5907
5909
5911
5912
5913
5914
5916
5918
5921
5924
5926
5928
5933
5934
5935
5937
5938
5939
5940
5947
5948
5949
5951
5952
5953
5954
5955
5962
5966
5967
5970
5971
5972
5973
5975
5976
5977
5978
5981
5986
5989
5992
5994
6002
6004
6007
6010
6012
6013
6016
6018
6019
6020
6022
6023
6026
6030
6031
6033
6037
6039
6040
6042
6045
6046
6047
6049
6051
6052
6053
6054
6056
6057
6058
6061
6062
6063
6065
6067
6069
6070
6071
6072
6073
6077
6078
6079
6080
6081
6082
6083
6084
6085
6086
6087
6089
6091
6095
6096
6097
6101
6102
6104
6105
6106
6107
6113
6115
6116
6118
6120
6122
6123
6124
6130
6131
6132
6133
6134
6135
6136
6137
6138
6139
6140
6142
6143
6146
6148
6149
6150
6151
6152
6153
6154
6155
6158
6159
6160
6161
6162
6163
6165
6167
6169
6170
6174
6175
6178
6180
6181
6182
6184
6185
6187
6188
6189
6192
6193
6195
6197
6199
6200
6203
6205
6207
6208
6212
6214
6215
6216
6219
6220
6222
6224
6226
6229
6230
6232
6237
6238
6240
6241
6243
6246
6251
6252
6254
6255
6256
6257
6258
6264
6265
6268
6272
6276
6278
6281
6282
6283
6285
6286
6287
6288
6289
6293
6295
6296
6298
6299
6300
6302
6303
6306
6308
6309
6311
6312
6313
6314
6315
6319
6320
6321
6322
6325
6330
6331
6334
6336
6337
6338
6339
6341
6342
6343
6344
6346
6347
6348
6350
6352
6354
6356
6361
6362
6363
6365
6366
6367
6370
6373
6375
6377
6378
6383
6385
6386
6387
6388
6392
6393
6396
6397
6399
6400
6406
6407
6408
6410
6413
6415
6419
6422
6423
6425
6426
6430
6433
6437
6438
6441
6442
6444
6446
6449
6452
6455
6462
6463
6464
6467
6468
6470
6471
6474
6476
6477
6478
6479
6480
6483
6484
6486
6487
6493
6496
6503
6506
6507
6516
6520
6528
6529
6530
6531
6533
6538
6540
6541
6543
6545
6547
6548
6549
6552
6553
6554
6556
6557
6559
6560
6563
6564
6567
6568
6570
6571
6572
6575
6576
6577
6578
6579
6584
6586
6587
6590
6595
6597
6598
6603
6604
6609
6610
6611
6612
6613
6616
6622
6624
6626
6627
6629
6632
6636
6637
6644
6645
6646
6648
6652
6654
6659
6660
6663
6664
6665
6666
6669
6671
6673
6674
6675
6676
6677
6679
6680
6681
6683
6687
6688
6689
6691
6692
6693
6695
6697
6698
6701
6702
6705
6706
6709
6710
6711
6713
6715
6716
6717
6719
6720
6721
6722
6724
6725
6730
6733
6736
6741
6743
6744
6747
6749
6750
6751
6753
6754
6766
6771
6774
6779
6782
6784
6789
6793
6794
6797
6798
6800
6802
6805
6807
6809
6812
6813
6814
6815
6819
6824
6825
6826
6827
6828
6829
6831
6833
6834
6835
6836
6837
6838
6840
6842
6843
6844
6847
6848
6849
6853
6858
6860
6861
6863
6864
6865
6866
6868
6872
6876
6878
6879
6881
6884
6885
6886
6887
6888
6889
6891
6894
6895
6896
6897
6898
6900
6901
6908
6909
6910
6914
6915
6921
6922
6924
6930
6933
6935
6936
6937
6939
6941
6943
6944
6945
6947
6949
6950
6951
6952
6954
6957
6959
6961
6962
6965
6966
6968
6969
6972
6973
6975
6976
6994
6996
7001
7002
7003
7004
7007
7008
7010
7011
7012
7015
7016
7018
7019
7020
7021
7022
7023
7026
7029
7030
7031
7034
7035
7037
7040
7042
7044
7046
7047
7048
7049
7050
7052
7053
7057
7061
7062
7065
7066
7070
7071
7072
7073
7074
7075
7077
7078
7079
7081
7083
7087
7088
7089
7093
7094
7095
7096
7097
7100
7103
7104
7111
7115
7116
7118
7121
7122
7124
7126
7127
7128
7129
7131
7132
7133
7136
7137
7139
7141
7143
7145
7150
7151
7153
7154
7155
7156
7157
7159
7161
7164
7166
7167
7169
7170
7172
7173
7177
7180
7184
7185
7190
7193
7194
7195
7197
7200
7202
7203
7205
7208
7212
7213
7214
7216
7217
7218
7220
7221
7222
7223
7224
7226
7231
7232
7233
7235
7236
7237
7238
7245
7247
7249
7250
7251
7254
7257
7258
7259
7260
7262
7263
7264
7275
7278
7284
7287
7289
7291
7294
7295
7303
7305
7307
7313
7314
7315
7316
7318
7319
7320
7323
7325
7327
7330
7333
7334
7336
7338
7341
7344
7345
7347
7349
7350
7351
7352
7356
7357
7358
7359
7362
7366
7370
7372
7378
7379
7380
7382
7385
7388
7389
7390
7391
7392
7393
7395
7399
7400
7408
7413
7414
7416
7417
7421
7426
7432
7433
7438
7442
7444
7445
7446
7449
7450
7451
7452
7454
7457
7459
7460
7462
7463
7464
7465
7468
7471
7475
7476
7477
7479
7480
7481
7484
7488
7491
7492
7493
7500
7501
7502
7503
7504
7507
7509
7510
7511
7512
7514
7515
7516
7517
7519
7520
7521
7523
7524
7528
7530
7534
7537
7542
7543
7547
7548
7550
7554
7557
7558
7561
7564
7565
7566
7567
7569
7571
7573
7575
7576
7584
7585
7591
7592
7593
7594
7595
7596
7607
7609
7610
7614
7616
7617
7620
7621
7623
7628
7630
7631
7634
7636
7637
7640
7643
7644
7646
7648
7649
7653
7655
7656
7657
7658
7660
7663
7664
7665
7668
7673
7676
7681
7683
7684
7685
7689
7698
7709
7712
7713
7717
7719
7720
7721
7723
7725
7726
7727
7729
7730
7732
7733
7734
7742
7744
7746
7753
7754
7775
7777
7781
7788
7789
7793
7796
7799
7801
7802
7804
7806
7807
7809
7811
7813
7814
7815
7816
7817
7818
7824
7826
7828
7831
7832
7834
7835
7836
7837
7840
7843
7844
7845
7846
7847
7848
7850
7851
7855
7856
7857
7864
7865
7866
7869
7871
7873
7874
7875
7876
7879
7883
7885
7886
7889
7891
7896
7897
7898
7900
7901
7904
7906
7908
7909
7910
7912
7913
7915
7922
7923
7925
7927
7928
7929
7931
7936
7944
7945
7946
7950
7952
7953
7955
7956
7959
7964
7971
7972
7974
7976
7977
7982
7985
7988
7991
7995
7996
8005
8006
8008
8009
8010
8011
8012
8015
8016
8017
8020
8021
8022
8024
8029
8030
8033
8034
8038
8040
8041
8045
8046
8049
8050
8051
8053
8054
8058
8060
8062
8064
8068
8069
8070
8071
8074
8077
8079
8080
8081
8084
8086
8097
8098
8103
8104
8105
8112
8113
8114
8117
8123
8125
8126
8127
8128
8129
8130
8133
8145
8146
8153
8156
8159
8164
8165
8169
8170
8177
8180
8181
8182
8183
8189
8191
8192
8193
8194
8195
8199
8200
8201
8203
8204
8206
8208
8210
8211
8212
8219
8222
8224
8227
8228
8236
8238
8239
8242
8244
8247
8252
8255
8256
8258
8259
8261
8265
8270
8273
8275
8276
8277
8278
8279
8281
8283
8285
8289
8290
8292
8297
8300
8301
8306
8307
8314
8323
8326
8329
8330
8332
8335
8344
8349
8350
8355
8356
8357
8362
8364
8365
8368
8373
8374
8375
8381
8383
8384
8386
8387
8388
8389
8390
8394
8395
8396
8398
8401
8403
8408
8409
8411
8413
8418
8420
8421
8425
8426
8427
8430
8431
8433
8434
8437
8438
8441
8442
8449
8450
8453
8456
8457
8459
8461
8462
8464
8467
8469
8472
8473
8474
8475
8477
8481
8482
8484
8487
8488
8492
8495
8497
8502
8503
8510
8519
8521
8522
8526
8527
8529
8532
8533
8534
8539
8540
8542
8543
8545
8552
8553
8556
8562
8564
8566
8568
8569
8570
8573
8574
8575
8576
8577
8578
8579
8584
8591
8593
8596
8599
8600
8601
8603
8604
8606
8607
8610
8611
8612
8613
8614
8618
8620
8622
8623
8627
8631
8644
8645
8649
8675
8676
8680
8683
8685
8691
8699
8700
8704
8706
8710
8714
8717
8718
8721
8722
8723
8725
8726
8730
8731
8732
8738
8739
8740
8741
8742
8746
8748
8750
8751
8753
8755
8756
8757
8760
8762
8763
8767
8768
8771
8774
8775
8781
8789
8793
8794
8799
8802
8821
8823
8824
8826
8834
8842
8845
8847
8849
8851
8853
8854
8858
8864
8866
8880
8881
8882
8886
8889
8890
8893
8895
8897
8898
8901
8912
8913
8915
8920
8921
8925
8931
8932
8935
8940
8944
8951
8953
8957
8962
8963
8967
8969
8970
8978
8981
8986
8988
8990
8991
8993
8994
8995
9007
9009
9013
9014
9015
9016
9020
9029
9041
9044
9045
9046
9047
9051
9055
9060
9063
9064
9066
9069
9072
9074
9076
9082
9083
9084
9085
9086
9091
9094
9098
9099
9102
9104
9106
9107
9110
9115
9116
9117
9118
9119
9127
9128
9130
9136
9142
9148
9152
9160
9162
9174
9175
9179
9181
9184
9185
9191
9194
9197
9199
9201
9204
9205
9212
9213
9214
9216
9223
9225
9227
9228
9232
9233
9238
9242
9244
9246
9251
9255
9262
9263
9266
9267
9268
9273
9277
9281
9282
9291
9293
9297
9300
9301
9302
9305
9314
9317
9323
9324
9325
9326
9327
9329
9330
9331
9333
9341
9343
9348
9350
9351
9352
9354
9355
9358
9359
9360
9361
9362
9368
9372
9373
9374
9375
9377
9378
9379
9383
9385
9387
9389
9396
9398
9401
9404
9408
9410
9411
9415
9417
9418
9419
9420
9422
9424
9425
9427
9429
9430
9434
9437
9441
9452
9453
9457
9461
9463
9467
9469
9470
9471
9472
9473
9474
9480
9481
9483
9489
9491
9492
9495
9496
9498
9500
9501
9505
9512
9513
9515
9517
9518
9522
9523
9526
9530
9534
9535
9536
9544
9545
9548
9549
9550
9554
9556
9557
9561
9564
9569
9570
9572
9573
9576
9578
9579
9582
9583
9585
9586
9591
9592
9599
9601
9604
9607
9608
9609
9612
9614
9615
9617
9618
9619
9622
9627
9629
9631
9634
9640
9641
9642
9648
9650
9651
9652
9653
9654
9656
9657
9662
9667
9671
9672
9674
9676
9677
9685
9698
9699
9700
9704
9722
9723
9724
9725
9730
9733
9735
9738
9739
9747
9756
9760
9761
9765
9767
9769
9774
9777
9778
9787
9789
9792
9793
9795
9797
9798
9799
9800
9801
9802
9803
9804
9806
9809
9810
9814
9815
9816
9826
9827
9828
9832
9834
9835
9842
9843
9847
9855
9871
9872
9874
9876
9877
9880
9881
9884
9896
9899
9904
9907
9911
9913
9916
9920
9926
9930
9933
9935
9936
9944
9948
9949
9950
9951
9953
9954
9955
9958
9963
9972
9974
9978
9981
9988
9992
9997
9998
10000
10001
10003
10008
10011
10012
10013
10014
10016
10019
10026
10028
10030
10033
10040
10042
10046
10047
10051
10053
10056
10066
10067
10073
10074
10081
10082
10084
10086
10101
10104
10107
10110
10114
10125
10127
10128
10129
10138
10140
10142
10149
10151
10156
10157
10160
10164
10167
10170
10174
10176
10178
10182
10185
10192
10194
10195
10201
10202
10209
10210
10214
10215
10216
10224
10233
10234
10236
10258
10259
10266
10269
10277
10278
10283
10285
10286
10287
10289
10290
10291
10293
10296
10297
10299
10305
10317
10320
10321
10322
10326
10331
10333
10337
10338
10339
10349
10359
10360
10363
10365
10371
10375
10377
10378
10380
10383
10384
10385
10391
10393
10396
10397
10399
10402
10407
10409
10413
10414
10415
10416
10420
10422
10426
10430
10431
10434
10438
10442
10445
10446
10455
10461
10465
10466
10472
10474
10476
10482
10486
10489
10490
10498
10502
10506
10508
10509
10516
10517
10520
10527
10528
10534
10536
10539
10542
10545
10551
10554
10561
10564
10568
10569
10573
10574
10578
10581
10582
10583
10586
10587
10589
10592
10598
10604
10608
10615
10617
10621
10622
10626
10628
10641
10642
10645
10649
10650
10654
10655
10656
10662
10663
10672
10674
10678
10684
10685
10686
10688
10690
10691
10692
10693
10698
10699
10702
10703
10704
10705
10706
10714
10718
10722
10726
10728
10733
10738
10740
10749
10751
10753
10755
10756
10758
10759
10767
10775
10782
10787
10795
10798
10800
10805
10806
10809
10815
10817
10820
10821
10822
10824
10831
10833
10835
10838
10844
10848
10849
10853
10855
10858
10859
10860
10863
10865
10867
10868
10869
10872
10873
10886
10889
10894
10897
10898
10899
10905
10907
10909
10918
10920
10921
10927
10931
10932
10948
10950
10951
10953
10955
10956
10957
10959
10963
10964
10965
10966
10969
10970
10973
10975
10978
10979
10980
10981
10983
10986
10989
10991
10992
10993
10999
11015
11020
11021
11022
11027
11028
11036
11037
11041
11042
11043
11044
11048
11050
11053
11055
11059
11060
11061
11064
11068
11074
11077
11082
11083
11084
11090
11092
11093
11097
11098
11103
11107
11114
11129
11130
11131
11132
11133
11135
11144
11146
11151
11154
11155
11156
11161
11164
11165
11167
11170
11171
11172
11178
11179
11184
11185
11191
11193
11204
11206
11213
11217
11221
11225
11226
11227
11228
11229
11234
11238
11244
11245
11246
11248
11249
11250
11251
11253
11254
11255
11256
11262
11266
11267
11268
11272
11273
11274
11275
11276
11278
11279
11282
11283
11284
11286
11287
11288
11292
11295
11299
11301
11305
11307
11309
11319
11320
11324
11327
11331
11333
11338
11339
11346
11347
11348
11351
11354
11357
11359
11364
11366
11367
11368
11370
11376
11383
11384
11385
11391
11394
11405
11408
11409
11415
11416
11418
11425
11427
11428
11430
11433
11434
11439
11441
11447
11449
11450
11451
11455
11456
11457
11463
11465
11466
11467
11468
11471
11475
11477
11479
11480
11485
11498
11499
11500
11502
11503
11508
11510
11512
11516
11520
11528
11529
11531
11534
11535
11537
11538
11539
11543
11544
11546
11553
11554
11555
11558
11563
11566
11590
11594
11597
11599
11604
11609
11613
11614
11616
11617
11619
11620
11621
11622
11624
11628
11634
11644
11648
11649
11661
11663
11675
11677
11678
11681
11682
11683
11684
11686
11687
11688
11689
11692
11693
11695
11697
11702
11718
11722
11726
11733
11734
11735
11736
11737
11740
11749
11750
11752
11753
11754
11759
11761
11762
11765
11767
11772
11774
11782
11790
11793
11794
11797
11798
11800
11804
11811
11814
11816
11818
11820
11823
11825
11826
11828
11829
11834
11838
11840
11867
11873
11876
11884
11887
11897
11902
11904
11912
11923
11926
11930
11945
11950
11952
11959
11963
11964
11969
11980
11998
12003
12004
12007
12009
12013
12014
12017
12024
12028
12037
12045
12046
12055
12062
12065
12067
12072
12082
12083
12089
12101
12103
12104
12107
12108
12110
12111
12114
12120
12129
12130
12131
12132
12134
12136
12150
12151
12154
12156
12157
12160
12162
12163
12165
12166
12168
12171
12178
12179
12180
12181
12183
12185
12187
12188
12190
12191
12194
12201
12202
12203
12205
12208
12212
12213
12215
12218
12219
12220
12221
12223
12229
12231
12241
12243
12249
12262
12265
12272
12273
12277
12282
12286
12288
12296
12298
12299
12304
12306
12308
12309
12310
12317
12319
12324
12337
12343
12345
12351
12352
12356
12361
12362
12363
12372
12373
12375
12376
12378
12380
12402
12414
12415
12422
12424
12425
12427
12428
12429
12430
12432
12434
12437
12439
12443
12445
12446
12447
12456
12457
12462
12468
12469
12472
12474
12475
12477
12478
12479
12480
12481
12482
12483
12486
12488
12489
12490
12492
12494
12495
12496
12498
12502
12505
12508
12514
12517
12521
12523
12531
12536
12537
12542
12543
12549
12551
12552
12553
12555
12561
12569
12570
12572
12575
12577
12580
12584
12585
12590
12594
12598
12600
12602
12603
12604
12605
12616
12619
12626
12627
12628
12629
12633
12635
12639
12642
12646
12654
12655
12657
12666
12669
12671
12674
12677
12681
12684
12689
12690
12692
12693
12696
12697
12707
12713
12715
12724
12728
12730
12735
12740
12743
12751
12753
12754
12755
12756
12758
12759
12760
12773
12776
12778
12786
12789
12791
12793
12794
12802
12810
12820
12821
12828
12833
12834
12844
12845
12846
12848
12849
12853
12869
12870
12871
12873
12874
12876
12877
12879
12880
12885
12890
12891
12896
12898
12899
12900
12902
12910
12925
12927
12930
12932
12933
12936
12938
12951
12957
12963
12964
12965
12966
12967
12968
12969
12975
12976
12977
12983
12988
12989
12990
12992
12995
12997
13000
13002
13004
13008
13009
13011
13014
13019
13023
13024
13027
13029
13037
13039
13041
13042
13045
13047
13051
13052
13057
13061
13062
13063
13064
13075
13077
13080
13081
13082
13083
13091
13092
13093
13094
13097
13098
13099
13101
13107
13111
13112
13117
13121
13126
13130
13131
13132
13135
13136
13138
13142
13147
13148
13149
13151
13152
13153
13154
13155
13157
13158
13159
13168
13175
13185
13186
13187
13192
13194
13195
13196
13197
13200
13201
13202
13205
13207
13218
13240
13242
13253
13254
13256
13257
13260
13261
13262
13263
13275
13281
13285
13286
13289
13295
13296
13297
13301
13304
13308
13310
13314
13315
13318
13319
13320
13322
13323
13326
13328
13330
13332
13335
13337
13339
13340
13343
13346
13347
13355
13356
13357
13367
13368
13369
13373
13381
13382
13386
13389
13397
13400
13401
13402
13406
13411
13422
13428
13440
13442
13444
13447
13453
13454
13470
13478
13484
13489
13494
13496
13497
13498
13507
13510
13512
13513
13514
13517
13518
13528
13529
13540
13545
13549
13555
13557
13560
13571
13572
13587
13588
13604
13606
13608
13610
13611
13616
13637
13648
13650
13657
13665
13671
13678
13688
13696
13697
13698
13700
13702
13704
13712
13714
13715
13718
13721
13722
13731
13748
13750
13751
13765
13769
13775
13778
13789
13790
13792
13796
13801
13803
13806
13812
13813
13818
13819
13823
13826
13838
13842
13849
13856
13860
13863
13864
13866
13867
13868
13873
13879
13881
13885
13887
13892
13895
13910
13915
13916
13918
13925
13933
13935
13937
13942
13944
13946
13950
13953
13958
13959
13971
13973
13975
13979
13987
13990
13994
14002
14008
14017
14025
14031
14033
14037
14038
14044
14045
14049
14058
14061
14062
14067
14068
14071
14072
14077
14090
14097
14099
14101
14102
14108
14113
14117
14120
14138
14154
14155
14161
14164
14166
14170
14171
14178
14200
14206
14208
14210
14218
14219
14220
14224
14225
14228
14235
14239
14245
14260
14263
14264
14268
14270
14274
14280
14289
14293
14300
14301
14316
14319
14321
14322
14324
14341
14351
14361
14367
14378
14381
14388
14417
14437
14438
14445
14457
14466
14471
14472
14473
14476
14478
14479
14480
14484
14486
14488
14492
14496
14516
14518
14531
14535
14551
14559
14561
14565
14571
14575
14576
14578
14579
14581
14585
14612
14613
14618
14622
14623
14624
14628
14636
14642
14650
14652
14683
14689
14690
14700
14708
14712
14717
14721
14733
14736
14737
14757
14770
14773
14782
14787
14796
14801
14805
14812
14820
14827
14828
14837
14841
14876
14878
14905
14906
14907
14917
14926
14928
14930
14931
14934
14936
14940
14942
14948
14949
14950
14958
14971
14977
14987
14990
14994
14997
15002
15006
15008
15015
15016
15017
15025
15032
15034
15042
15045
15049
15055
15067
15068
15070
15079
15081
15082
15087
15089
15093
15101
15106
15110
15115
15116
15132
15133
15137
15138
15139
15143
15158
15160
15171
15172
15178
15183
15193
15199
15203
15204
15208
15212
15213
15235
15238
15240
15243
15246
15251
15255
15259
15260
15261
15270
15275
15288
15318
15321
15328
15350
15360
15421
15436
15444
15447
15451
15454
15457
15461
15470
15472
15474
15477
15483
15493
15496
15528
15532
15543
15556
15567
15581
15585
15588
15593
15604
15616
15625
15627
15629
15634
15638
15641
15646
15647
15650
15659
15663
15686
15688
15690
15695
15698
15699
15701
15708
15711
15713
15717
15722
15726
15734
15761
15762
15766
15768
15771
15784
15785
15790
15793
15807
15817
15837
15839
15858
15865
15867
15872
15882
15883
15892
15893
15906
15913
15921
15928
15931
15936
15938
15941
15949
15968
15971
15978
15992
15993
16008
16026
16039
16040
16048
16059
16069
16073
16076
16081
16086
16087
16111
16112
16113
16118
16128
16131
16138
16148
16157
16162
16163
16165
16170
16178
16185
16188
16192
16228
16232
16235
16241
16246
16248
16258
16260
16278
16281
16294
16300
16316
16317
16339
16342
16354
16360
16368
16375
16381
16383
16385
16394
16399
16401
16406
16412
16414
16416
16418
16423
16426
16433
16454
16463
16478
16479
16488
16489
16494
16497
16503
16510
16512
16514
16515
16516
16529
16531
16537
16547
16548
16550
16558
16559
16566
16573
16574
16575
16578
16579
16583
16586
16590
16591
16593
16594
16600
16602
16603
16605
16608
16613
16618
16622
16623
16624
16625
16628
16638
16642
16643
16649
16656
16657
16658
16667
16670
16674
16690
16691
16705
16720
16740
16744
16745
16763
16771
16774
16784
16793
16798
16802
16813
16817
16825
16827
16840
16853
16855
16860
16861
16865
16867
16900
16901
16908
16935
16936
16950
16952
16953
16974
16985
16990
16991
16997
17009
17025
17030
17036
17054
17055
17062
17064
17065
17091
17104
17112
17117
17131
17138
17139
17143
17152
17153
17162
17163
17165
17167
17178
17181
17184
17188
17198
17202
17203
17221
17225
17229
17231
17234
17244
17252
17253
17254
17265
17267
17269
17273
17276
17278
17281
17282
17291
17301
17302
17305
17313
17326
17327
17328
17338
17341
17352
17354
17356
17361
17374
17375
17376
17378
17383
17396
17397
17404
17406
17415
17424
17429
17431
17439
17446
17451
17454
17455
17465
17469
17470
17477
17479
17485
17498
17501
17514
17522
17536
17549
17552
17555
17565
17571
17579
17598
17600
17604
17606
17628
17655
17661
17666
17680
17698
17702
17710
17711
17715
17718
17725
17728
17748
17749
17752
17763
17771
17772
17775
17786
17788
17794
17804
17809
17811
17812
17814
17816
17819
17823
17830
17839
17859
17870
17880
17890
17893
17900
17901
17908
17909
17915
17920
17921
17926
17928
17929
17930
17931
17933
17938
17940
17943
17945
17946
17947
17953
17955
17956
17957
17960
17963
17965
17968
17972
17974
17976
17979
17980
17983
17984
17985
17986
17995
17996
17997
18008
18014
18020
18022
18025
18026
18038
18040
18044
18045
18049
18050
18054
18055
18065
18073
18074
18075
18076
18077
18078
18083
18084
18091
18095
18107
18109
18112
18123
18129
18131
18133
18136
18142
18152
18153
18160
18176
18178
18180
18181
18187
18193
18202
18204
18205
18208
18210
18214
18217
18218
18221
18223
18232
18238
18242
18244
18246
18247
18249
18251
18256
18257
18262
18270
18272
18282
18284
18287
18293
18304
18306
18307
18314
18331
18338
18343
18345
18346
18348
18367
18382
18390
18391
18397
18402
18403
18404
18409
18416
18420
18428
18432
18441
18451
18458
18483
18486
18501
18507
18508
18511
18512
18513
18514
18518
18532
18533
18535
18540
18553
18566
18567
18569
18570
18571
18574
18575
18577
18582
18583
18585
18595
18596
18606
18618
18624
18628
18631
18664
18671
18672
18688
18692
18709
18714
18715
18719
18731
18733
18735
18738
18740
18744
18748
18783
18803
18809
18810
18811
18814
18824
18825
18828
18830
18838
18840
18843
18844
18850
18851
18852
18853
18854
18858
18860
18869
18894
18902
18905
18908
18914
18915
18926
18929
18957
18960
18966
18967
18974
18981
18998
19008
19017
19018
19020
19023
19026
19031
19039
19041
19043
19047
19063
19064
19071
19072
19075
19076
19084
19086
19088
19099
19105
19119
19120
19122
19140
19148
19149
19191
19196
19209
19213
19233
19234
19235
19237
19241
19243
19255
19256
19273
19279
19280
19281
19289
19298
19302
19316
19319
19320
19345
19351
19353
19357
19359
19364
19366
19367
19368
19379
19399
19450
19452
19464
19465
19467
19474
19478
19510
19514
19519
19532
19546
19553
19554
19563
19580
19584
19596
19610
19623
19650
19660
19670
19683
19700
19728
19729
19734
19740
19755
19763
19775
19786
19792
19805
19811
19824
19825
19837
19856
19866
19869
19871
19875
19887
19912
19913
19922
19923
19924
19932
19941
19942
19949
19959
19964
19986
19996
20026
20030
20049
20082
20083
20113
20117
20119
20122
20123
20126
20136
20145
20211
20223
20237
20245
20247
20248
20257
20268
20275
20277
20319
20320
20339
20345
20347
20351
20379
20393
20402
20413
20421
20431
20434
20447
20449
20450
20459
20460
20464
20468
20469
20473
20476
20479
20480
20484
20489
20491
20496
20498
20503
20507
20515
20521
20534
20548
20552
20560
20569
20573
20582
20584
20591
20608
20629
20630
20634
20638
20644
20648
20657
20664
20665
20680
20688
20690
20696
20699
20700
20705
20706
20718
20721
20722
20724
20727
20730
20736
20758
20763
20764
20778
20803
20819
20823
20825
20833
20845
20867
20870
20877
20880
20887
20892
20900
20906
20907
20926
20936
20937
20953
20957
20958
20964
20976
20988
20998
21029
21048
21049
21076
21085
21088
21092
21110
21126
21144
21150
21184
21201
21233
21241
21244
21280
21282
21287
21297
21300
21301
21324
21356
21371
21391
21405
21420
21421
21423
21428
21429
21430
21437
21453
21454
21490
21498
21505
21509
21510
21511
21513
21537
21545
21546
21559
21570
21571
21593
21609
21617
21632
21638
21640
21643
21647
21648
21688
21692
21742
21745
21755
21759
21773
21782
21849
21856
21865
21866
21889
21901
21916
21940
21946
21947
21961
21965
21978
21986
21988
22001
22021
22026
22040
22041
22052
22056
22058
22074
22095
22102
22119
22144
22165
22174
22183
22192
22198
22239
22267
22313
22321
22342
22343
22355
22377
22382
22410
22434
22436
22467
22475
22478
22501
22518
22539
22550
22556
22569
22571
22573
22576
22596
22608
22616
22639
22642
22654
22655
22712
22713
22715
22746
22750
22764
22788
22797
22799
22802
22807
22810
22819
22826
22841
22875
22885
22888
22909
22928
22938
22989
22997
23028
23060
23096
23107
23153
23173
23193
23194
23196
23197
23200
23201
23219
23224
23250
23292
23293
23311
23343
23374
23412
23418
23436
23449
23487
23500
23506
23527
23543
23552
23555
23582
23599
23619
23630
23656
23692
23693
23703
23712
23717
23735
23736
23738
23755
23772
23773
23806
23815
23844
23851
23892
23911
23939
23944
23945
23963
23965
23976
23984
24001
24009
24011
24021
24023
24028
24033
24035
24045
24049
24069
24071
24074
24079
24102
24137
24170
24203
24205
24239
24272
24290
24300
24312
24325
24357
24368
24398
24405
24419
24443
24455
24464
24469
24473
24489
24491
24496
24499
24505
24507
24510
24511
24540
24551
24565
24572
24591
24629
24630
24644
24650
24672
24687
24705
24727
24747
24749
24759
24790
24801
24805
24808
24818
24836
24853
24876
24904
24913
24918
24925
24996
25003
25010
25047
25086
25088
25105
25117
25120
25150
25170
25208
25228
25229
25233
25238
25241
25242
25246
25247
25253
25293
25301
25326
25340
25363
25365
25372
25382
25386
25407
25425
25426
25451
25461
25463
25474
25484
25534
25538
25558
25572
25582
25585
25587
25589
25591
25613
25625
25631
25649
25650
25665
25676
25683
25690
25695
25712
25718
25724
25725
25730
25734
25748
25760
25776
25783
25816
25828
25861
25864
25894
25961
25974
25975
26005
26016
26030
26034
26083
26086
26106
26133
26169
26172
26184
26187
26201
26206
26210
26211
26217
26238
26280
26294
26300
26309
26317
26343
26366
26385
26411
26507
26526
26541
26546
26559
26560
26561
26586
26603
26668
26679
26695
26713
26727
26741
26776
26778
26790
26792
26798
26799
26829
26862
26874
26901
26932
26964
26972
26981
27005
27019
27029
27056
27081
27091
27094
27117
27128
27147
27158
27159
27165
27170
27171
27172
27189
27232
27234
27236
27239
27251
27268
27275
27293
27318
27347
27351
27375
27443
27444
27459
27482
27520
27532
27553
27576
27587
27608
27616
27631
27638
27643
27648
27687
27689
27690
27699
27720
27727
27732
27734
27743
27751
27754
27762
27780
27781
27796
27802
27805
27825
27827
27833
27835
27836
27874
27879
27902
27905
27906
27909
27918
27924
27932
27958
27961
27972
27993
28028
28029
28036
28048
28062
28072
28076
28102
28108
28120
28134
28138
28151
28186
28234
28263
28320
28323
28351
28357
28371
28390
28403
28423
28440
28465
28469
28471
28480
28504
28511
28530
28547
28554
28562
28573
28585
28592
28616
28617
28625
28642
28647
28649
28659
28667
28669
28673
28679
28700
28708
28711
28720
28726
28728
28735
28744
28751
28808
28830
28836
28837
28857
28859
28870
28910
28911
28937
28949
28989
29014
29021
29057
29099
29101
29104
29112
29113
29191
29219
29222
29250
29254
29268
29273
29354
29355
29370
29376
29384
29398
29430
29435
29474
29502
29503
29504
29513
29611
29620
29627
29633
29639
29664
29681
29697
29721
29727
29759
29764
29788
29812
29813
29895
29934
29957
29968
29987
29990
29999
30070
30091
30122
30130
30182
30213
30214
30229
30278
30311
30337
30338
30367
30413
30422
30505
30515
30592
30593
30610
30637
30649
30730
30803
30820
30865
30868
30898
30923
30999
31030
31058
31072
31121
31146
31171
31223
31227
31266
31283
31284
31325
31344
31378
31383
31411
31518
31576
31577
31585
31594
31615
31627
31666
31679
31682
31700
31715
31806
31833
31835
31841
31843
31871
31919
31924
31978
31985
32050
32082
32098
32131
32201
32206
32285
32362
32366
32381
32383
32400
32445
32456
32462
32477
32530
32541
32565
32610
32709
32821
32849
32884
32921
32933
32962
33072
33102
33116
33124
33133
33153
33156
33169
33185
33192
33214
33256
33274
33450
33452
33472
33499
33534
33574
33581
33688
33837
33861
33981
33982
33983
33984
34016
34052
34104
34107
34116
34201
34214
34242
34261
34373
34385
34391
34460
34466
34495
34526
34527
34531
34542
34642
34720
34742
34840
34848
34855
34871
34948
34952
34971
35050
35169
35263
35294
35357
35358
35379
35400
35458
35567
35586
35641
35649
35653
35670
35681
35776
35798
35799
35819
35837
35992
36026
36055
36621
36630
36840
36846
36853
36881
36894
36959
36975
37032
37333
37377
37461
37515
37804
37809
37845
37919
37943
37969
38027
38140
38141
38198
38290
38294
38334
38339
38375
38599
38615
38668
38707
38844
38865
38879
38881
38902
38977
39173
39459
39524
39686
39865
39892
40001
40088
40107
40181
40184
40200
40206
40214
40242
40255
40516
40550
40577
40633
40690
40805
40817
40922
40993
40994
41191
41298
41308
41337
41410
41417
41491
41596
41600
41889
41932
41960
42266
42426
42537
42662
42694
42927
42954
42970
42973
42977
42980
42985
43085
43103
43177
43201
43216
43263
43292
43307
43370
43409
43415
43437
43578
43703
43748
43749
43806
43810
43875
43890
43958
44022
44046
44118
44155
44338
44622
44662
44777
44794
44805
45007
45088
45266
45274
45464
45575
45606
45665
45741
45769
45876
46303
46379
46641
46716
46761
46877
46880
47084
47204
47210
47257
47449
47568
47586
47606
47750
48118
48169
48194
48334
48954
49016
49186
49190
49280
49335
49340
49427
49740
49768
50295
50495
50505
50600
50645
50684
51295
51346
51451
51588
52608
52837
52842
53419
53970
54462
54876
55505
56368
57200
57725
57857
58531
58812
58815
59233
59611
59971
60233
60944
60960
61030
62329
62372
62579
63497
63703
64359
65647
66007
67228
67906
69665
71072
72311
73732
76926
78075
78129
84718
88576
107410
133070
133535
162447
237503
